  1.0000000E+00  -4.4411439E-02  -1.3562066E-02  -3.1102089E-02   1.0572192E-01   9.3492504E-01   1.6834668E-02  -7.5661855E-03   1.5421393E-03   7.7803852E-03   1.9829168E-02  -7.5133220E-02   2.8733442E-01  -4.1725555E-02  -4.7548920E-02  -5.1638168E-02   3.6541439E-02   6.2751288E-02   5.4133367E-02   1.0820602E-02   2.8412628E-02   9.9990274E-01  -9.1666084E-02   9.8298560E-02   1.0918783E-01  -1.2804005E-02   3.1279087E-01  -9.8297474E-02  -3.1014794E-02  -3.1014483E-02   3.1074233E-02   8.9183007E-01   7.3664287E-01   5.2006490E-01   6.7073407E-01   5.0033500E-02  -1.1291366E-01  -7.2739729E-02   7.4072586E-03   7.4072586E-03  -7.2739729E-02  -8.2673714E-03   2.3157232E-03  -2.6857622E-01
 -4.4411439E-02   1.0000000E+00   3.7268865E-01   5.2247869E-01  -7.1058768E-01   8.8781396E-02   3.5442915E-02  -1.9606891E-02   1.4024680E-02   1.3000586E-01   1.7384008E-01   2.2375407E-01   7.8097923E-03  -6.4000358E-01  -6.4492511E-01  -6.4930137E-01   1.3867012E-01   4.6023513E-01   4.6330172E-01  -7.4268441E-02  -1.1695555E-01  -4.4378225E-02   7.2213835E-01  -7.2133347E-01  -6.9634919E-01   3.5403099E-01  -3.6264161E-01   7.2133426E-01   5.2169102E-01   5.2169161E-01  -5.2229106E-01  -2.6777821E-01  -4.5069596E-01  -5.9450952E-01  -5.0203746E-01  -6.3153551E-01   5.7515502E-01   9.0144426E-02   1.1474890E-01   1.1474890E-01   9.0144426E-02   1.5742750E-02   9.7687702E-02  -4.9361567E-03
 -1.3562066E-02   3.7268865E-01   1.0000000E+00   3.7872514E-01  -4.1347075E-01   4.3274300E-02   1.4681580E-02   3.7386958E-02   2.7279867E-02   2.7953662E-03   1.2061264E-02   6.0326690E-02   9.4522678E-03  -1.1837191E-01  -1.2116718E-01  -1.2089402E-01   9.6155313E-03   7.5519738E-02   7.5618072E-02  -7.7547615E-02   2.5019821E-02  -1.3583286E-02   5.5297461E-01  -5.0617758E-01  -3.9623926E-01   9.9867979E-01  -1.5403049E-01   5.0618604E-01   3.7756026E-01   3.7756036E-01  -3.7850439E-01  -1.6461978E-01  -3.1298219E-01  -4.0517559E-01  -3.3588558E-01  -6.8119731E-01   2.9099571E-01   3.9002014E-02   4.0243636E-02   4.0243636E-02   3.9002014E-02   3.1676158E-02   3.3987584E-02  -1.7453369E-02
 -3.1102089E-02   5.2247869E-01   3.7872514E-01   1.0000000E+00  -6.0592751E-01   4.9628022E-02   3.6237521E-02   1.2509216E-02   5.3705306E-02   8.6447793E-02   9.8699777E-02   6.4587597E-02   8.4880564E-03  -3.9384701E-01  -3.9674605E-01  -4.0024922E-01  -6.7548469E-03   2.1745199E-01   2.2257860E-01  -1.8737419E-01  -3.0451143E-01  -3.1064360E-02   7.3887021E-01  -6.7610430E-01  -5.2738742E-01   3.3102895E-01  -2.2042342E-01   6.7611570E-01   9.9881436E-01   9.9881434E-01  -9.9990232E-01  -3.1835263E-01  -4.9626880E-01  -5.9173826E-01  -5.1793839E-01  -9.1339266E-01   1.6595628E-01   5.3330281E-02   1.1646654E-01   1.1646654E-01   5.3330281E-02   4.6998498E-02   3.9507385E-02  -7.3901882E-03
  1.0572192E-01  -7.1058768E-01  -4.1347075E-01  -6.0592751E-01   1.0000000E+00  -7.1620070E-02  -2.5343306E-02   5.5000893E-03  -3.3543559E-02   1.1953985E-02  -1.1302968E-02  -1.2164118E-01   1.2422624E-02   2.5381785E-01   2.5349454E-01   2.5650842E-01  -1.1705100E-02  -1.4884675E-01  -1.4732914E-01   6.6655202E-02  -5.8361113E-02   1.0589584E-01  -9.7295273E-01   9.9126249E-01   9.9545205E-01  -3.9290748E-01   4.8936291E-01  -9.9126028E-01  -6.0522069E-01  -6.0522123E-01   6.0584647E-01   5.2552572E-01   7.3772855E-01   8.9772921E-01   8.0073837E-01   7.6838399E-01  -8.8503305E-01  -4.7833471E-02  -6.2589949E-02  -6.2589949E-02  -4.7833471E-02  -2.4687680E-02  -4.6620127E-02   1.3405896E-02
  9.3492504E-01   8.8781396E-02   4.3274300E-02   4.9628022E-02  -7.1620070E-02   1.0000000E+00   2.0597844E-02  -7.5293758E-03   1.6776656E-02  -1.3894442E-02   4.3729934E-03  -4.2410177E-02  -3.4479837E-03  -4.2632570E-02  -4.2931213E-02  -4.4416662E-02  -3.4135810E-03   3.6602027E-02   2.5588540E-02  -4.1478793E-03   1.9232797E-03   9.3448287E-01   7.2881952E-02  -7.3228227E-02  -7.0548101E-02   4.1679449E-02  -4.4600052E-02   7.3228283E-02   4.9590331E-02   4.9591127E-02  -4.9648827E-02   7.6222856E-01   5.7960568E-01   3.4488636E-01   5.0496278E-01  -6.3527577E-02   5.9653604E-02  -7.4983360E-02   1.0807281E-02   1.0807281E-02  -7.4983360E-02  -1.2405691E-02   7.9743418E-03  -2.8849343E-01
  1.6834668E-02   3.5442915E-02   1.4681580E-02   3.6237521E-02  -2.5343306E-02   2.0597844E-02   1.0000000E+00  -4.8450577E-01   3.7526625E-01  -2.7495912E-01   1.6755776E-01  -5.4979234E-04   4.4548132E-03  -8.2222118E-03  -1.0984592E-02  -1.2914532E-02  -6.6730273E-03  -1.2481117E-02  -6.6063799E-03  -5.5531225E-03  -1.4324460E-02   1.6640638E-02   2.9552882E-02  -2.7568222E-02  -2.2727561E-02   1.2995033E-02  -7.8381441E-03   2.7568575E-02   3.5366039E-02   3.5366715E-02  -3.6160403E-02   4.5767166E-03  -6.1296500E-03  -1.5130223E-02  -8.7646959E-03  -3.4172559E-02   1.0163425E-02  -7.1685472E-02  -9.4250722E-03  -9.4250722E-03  -7.1685472E-02  -5.3068703E-02  -4.9562682E-02  -1.8854473E-02
 -7.5661855E-03  -1.9606891E-02   3.7386958E-02   1.2509216E-02   5.5000893E-03  -7.5293758E-03  -4.8450577E-01   1.0000000E+00  -3.2606974E-01   2.5701180E-01  -1.5675307E-01  -1.8083627E-03   3.0499516E-03   2.2994376E-03   2.3580741E-03   2.5575423E-03   1.1255152E-02   1.3566312E-02   1.3416544E-02  -6.5265365E-02  -1.4940464E-02  -7.4305340E-03   3.8661569E-03  -1.3313072E-04   7.3721386E-03   3.7271125E-02  -1.1567705E-03   1.3377074E-04   1.2928528E-02   1.2928054E-02  -1.2507054E-02  -6.6558562E-03  -6.5307460E-03  -3.4675663E-03  -4.7245933E-03  -1.9403699E-02  -1.4118608E-02  -2.7324422E-02  -5.0777945E-04  -5.0777945E-04  -2.7324422E-02   1.7121333E-02  -4.4024778E-02   1.1282335E-02
  1.5421393E-03   1.4024680E-02   2.7279867E-02   5.3705306E-02  -3.3543559E-02   1.6776656E-02   3.7526625E-01  -3.2606974E-01   1.0000000E+00  -4.0085181E-01   1.0400368E-01   5.0960691E-03  -9.3541729E-03   3.3157600E-02   3.5723527E-02   3.5234471E-02  -2.0594570E-02  -3.8861895E-02  -4.0368447E-02  -1.0147307E-01  -4.5627175E-02   1.4345542E-03   4.1533179E-02  -3.7819046E-02  -2.9393659E-02   2.4849617E-02  -4.0620909E-02   3.7819697E-02   5.2962377E-02   5.2962843E-02  -5.3636267E-02  -1.7158541E-02  -2.7243122E-02  -3.2699626E-02  -2.8476936E-02  -5.1659439E-02   1.0150030E-02  -3.7356561E-02   8.9142484E-03   8.9142484E-03  -3.7356561E-02   1.9371708E-01  -1.4066754E-01  -1.1816561E-02
  7.7803852E-03   1.3000586E-01   2.7953662E-03   8.6447793E-02   1.1953985E-02  -1.3894442E-02  -2.7495912E-01   2.5701180E-01  -4.0085181E-01   1.0000000E+00   6.1087033E-01   1.4225426E-02  -2.6717822E-03  -2.8935206E-01  -2.9593416E-01  -2.9805064E-01  -3.8637968E-02   8.9608924E-02   1.0891234E-01  -1.0853094E-01  -7.7728537E-02   8.1091875E-03   8.7452571E-03   1.7230400E-03   2.3119205E-02  -2.3826207E-03   5.9092535E-02  -1.7212249E-03   8.7217365E-02   8.7217903E-02  -8.6551798E-02   2.8790752E-02   1.9843414E-02   1.5792260E-02   2.0979035E-02  -5.3250504E-02  -6.5429787E-02  -2.4574021E-02   3.6571739E-02   3.6571739E-02  -2.4574021E-02  -4.9788669E-02  -1.1083320E-02   2.8063480E-02
  1.9829168E-02   1.7384008E-01   1.2061264E-02   9.8699777E-02  -1.1302968E-02   4.3729934E-03   1.6755776E-01  -1.5675307E-01   1.0400368E-01   6.1087033E-01   1.0000000E+00   1.9471677E-02  -1.5968612E-02  -2.9101629E-01  -3.0078380E-01  -3.0173546E-01  -7.6899908E-02   3.1956690E-02   6.2088587E-02  -1.0666658E-01  -7.8387672E-02   1.9960248E-02   3.0961971E-02  -2.1025052E-02  -2.5233078E-04   6.5079749E-03   4.4048465E-02   2.1026779E-02   9.8784638E-02   9.8785253E-02  -9.8838215E-02   3.3427838E-02   1.6190679E-02   3.7203265E-03   1.4324533E-02  -6.9822958E-02  -4.3773425E-02  -4.9779888E-02   3.1096706E-02   3.1096706E-02  -4.9779888E-02  -6.1063873E-02  -2.8653167E-02   9.3213167E-03
 -7.5133220E-02   2.2375407E-01   6.0326690E-02   6.4587597E-02  -1.2164118E-01  -4.2410177E-02  -5.4979234E-04  -1.8083627E-03   5.0960691E-03   1.4225426E-02   1.9471677E-02   1.0000000E+00  -2.9601234E-03  -1.2318318E-01  -1.2597158E-01  -1.2601392E-01   2.9537237E-02   8.9119657E-02   9.0112377E-02  -4.4916393E-02  -7.1185708E-02  -7.4964596E-02   1.1805903E-01  -1.2058208E-01  -1.2217988E-01   5.8541347E-02  -9.7993250E-02   1.2058174E-01   6.4374568E-02   6.4374930E-02  -6.4553003E-02  -9.2012107E-02  -1.1185012E-01  -1.2363642E-01  -1.1720986E-01  -9.1123629E-02   1.1305994E-01   1.8319050E-01   4.2365049E-02   4.2365049E-02   1.8319050E-01   1.5042241E-02   1.9798174E-01   2.0601002E-02
  2.8733442E-01   7.8097923E-03   9.4522678E-03   8.4880564E-03   1.2422624E-02  -3.4479837E-03   4.4548132E-03   3.0499516E-03  -9.3541729E-03  -2.6717822E-03  -1.5968612E-02  -2.9601234E-03   1.0000000E+00   2.1667194E-02   1.0027359E-02   1.2297223E-03   3.5665831E-03   1.7229637E-02   1.6223044E-02  -1.5636242E-02   5.3636062E-03   2.8823741E-01  -6.4777066E-03   9.4473743E-03   1.4283971E-02   9.0092657E-03   8.1816828E-01  -9.4469090E-03   8.2304151E-03   8.2295235E-03  -8.3813417E-03   2.4977277E-01   2.0004491E-01   1.3415342E-01   1.7992896E-01  -5.7698201E-03  -2.0267075E-02   2.0432454E-03   5.0516839E-02   5.0516839E-02   2.0432454E-03   1.3031946E-02  -7.6491927E-03   1.0512312E-02
 -4.1725555E-02  -6.4000358E-01  -1.1837191E-01  -3.9384701E-01   2.5381785E-01  -4.2632570E-02  -8.2222118E-03   2.2994376E-03   3.3157600E-02  -2.8935206E-01  -2.9101629E-01  -1.2318318E-01   2.1667194E-02   1.0000000E+00   9.2770170E-01   9.6590779E-01  -3.5606542E-01  -7.9588726E-01  -8.0987039E-01  -1.6569341E-03   1.2013540E-02  -4.2034479E-02  -2.9819874E-01   2.7690638E-01   2.2391716E-01  -9.9150381E-02  -3.3386413E-03  -2.7691035E-01  -3.9425110E-01  -3.9425077E-01   3.9393260E-01   1.4462201E-02   1.1008597E-01   1.8288655E-01   1.3049282E-01   3.5281594E-01  -8.4103094E-02  -1.1549626E-01  -5.6223331E-02  -5.6223331E-02  -1.1549626E-01  -3.5087256E-02  -1.1145397E-01  -1.3034964E-02
 -4.7548920E-02  -6.4492511E-01  -1.2116718E-01  -3.9674605E-01   2.5349454E-01  -4.2931213E-02  -1.0984592E-02   2.3580741E-03   3.5723527E-02  -2.9593416E-01  -3.0078380E-01  -1.2597158E-01   1.0027359E-02   9.2770170E-01   1.0000000E+00   9.7773443E-01  -4.6516172E-01  -8.4707829E-01  -8.5273996E-01  -2.0958078E-03   1.0131785E-03  -4.7887394E-02  -2.9895898E-01   2.7719111E-01   2.2322472E-01  -1.0182246E-01  -1.8938857E-02  -2.7719516E-01  -3.9716165E-01  -3.9716135E-01   3.9682504E-01   8.6471863E-03   1.0571609E-01   1.8005260E-01   1.2650134E-01   3.5553768E-01  -8.2007311E-02  -1.1929274E-01  -5.7013593E-02  -5.7013593E-02  -1.1929274E-01  -3.2559135E-02  -1.1802156E-01  -1.0250708E-02
 -5.1638168E-02  -6.4930137E-01  -1.2089402E-01  -4.0024922E-01   2.5650842E-01  -4.4416662E-02  -1.2914532E-02   2.5575423E-03   3.5234471E-02  -2.9805064E-01  -3.0173546E-01  -1.2601392E-01   1.2297223E-03   9.6590779E-01   9.7773443E-01   1.0000000E+00  -4.5776608E-01  -8.4157599E-01  -8.4661143E-01  -3.3843313E-03   1.5495669E-03  -5.1995396E-02  -3.0199727E-01   2.8020928E-01   2.2602406E-01  -1.0136253E-01  -2.6468154E-02  -2.8021334E-01  -4.0064216E-01  -4.0064186E-01   4.0033257E-01   6.2950175E-03   1.0486941E-01   1.8076692E-01   1.2616044E-01   3.5839829E-01  -8.3686260E-02  -1.2290747E-01  -5.6471833E-02  -5.6471833E-02  -1.2290747E-01  -3.3731348E-02  -1.2072401E-01  -1.3098015E-02
  3.6541439E-02   1.3867012E-01   9.6155313E-03  -6.7548469E-03  -1.1705100E-02  -3.4135810E-03  -6.6730273E-03   1.1255152E-02  -2.0594570E-02  -3.8637968E-02  -7.6899908E-02   2.9537237E-02   3.5665831E-03  -3.5606542E-01  -4.6516172E-01  -4.5776608E-01   1.0000000E+00   5.2626643E-01   6.4418435E-01   1.1947677E-01   1.8292619E-01   3.6753293E-02   8.9778913E-03  -1.1271499E-02  -1.3310150E-02   1.0278231E-02   1.1197083E-01   1.1271232E-02  -4.8175960E-03  -4.8179327E-03   6.2083094E-03   4.9579891E-02   3.6193114E-02   1.8513786E-02   3.0226164E-02  -1.5293785E-03   1.8282830E-02   5.3968081E-02  -3.2000224E-02  -3.2000224E-02   5.3968081E-02   3.3180151E-02   4.2521476E-02   8.7174821E-03
  6.2751288E-02   4.6023513E-01   7.5519738E-02   2.1745199E-01  -1.4884675E-01   3.6602027E-02  -1.2481117E-02   1.3566312E-02  -3.8861895E-02   8.9608924E-02   3.1956690E-02   8.9119657E-02   1.7229637E-02  -7.9588726E-01  -8.4707829E-01  -8.4157599E-01   5.2626643E-01   1.0000000E+00   9.2757562E-01   6.9727685E-02   9.4816303E-02   6.3079325E-02   1.7302845E-01  -1.6162661E-01  -1.3293016E-01   6.5163759E-02   7.8674812E-02   1.6162874E-01   2.1701029E-01   2.1700950E-01  -2.1728398E-01   3.9509100E-02  -2.5914759E-02  -8.2126623E-02  -4.2400678E-02  -2.0034620E-01   5.7247460E-02   1.4706885E-01   1.6690511E-02   1.6690511E-02   1.4706885E-01   5.2653643E-02   1.4099460E-01   6.0417522E-03
  5.4133367E-02   4.6330172E-01   7.5618072E-02   2.2257860E-01  -1.4732914E-01   2.5588540E-02  -6.6063799E-03   1.3416544E-02  -4.0368447E-02   1.0891234E-01   6.2088587E-02   9.0112377E-02   1.6223044E-02  -8.0987039E-01  -8.5273996E-01  -8.4661143E-01   6.4418435E-01   9.2757562E-01   1.0000000E+00   7.3462999E-02   9.1894569E-02   5.4427218E-02   1.7285258E-01  -1.6085919E-01  -1.3069544E-01   6.4943836E-02   8.3856388E-02   1.6086143E-01   2.2198965E-01   2.2198918E-01  -2.2239271E-01   3.3253043E-02  -3.0831251E-02  -8.4838501E-02  -4.6452672E-02  -2.0323208E-01   5.2320344E-02   1.6436565E-01   1.6511430E-02   1.6511430E-02   1.6436565E-01   5.0593662E-02   1.6128017E-01   8.7141340E-03
  1.0820602E-02  -7.4268441E-02  -7.7547615E-02  -1.8737419E-01   6.6655202E-02  -4.1478793E-03  -5.5531225E-03  -6.5265365E-02  -1.0147307E-01  -1.0853094E-01  -1.0666658E-01  -4.4916393E-02  -1.5636242E-02  -1.6569341E-03  -2.0958078E-03  -3.3843313E-03   1.1947677E-01   6.9727685E-02   7.3462999E-02   1.0000000E+00   3.7280922E-01   1.1007449E-02  -1.0263543E-01   8.5514557E-02   4.8750417E-02  -6.8349763E-02   4.1563290E-02  -8.5517549E-02  -1.8683710E-01  -1.8683766E-01   1.8718750E-01   4.3228112E-02   6.8043035E-02   7.6271733E-02   6.7550534E-02   1.6215196E-01   2.6967718E-02   5.3364527E-02  -2.1523841E-01  -2.1523841E-01   5.3364527E-02  -3.9570084E-02   7.7859603E-02   1.4938316E-02
  2.8412628E-02  -1.1695555E-01   2.5019821E-02  -3.0451143E-01  -5.8361113E-02   1.9232797E-03  -1.4324460E-02  -1.4940464E-02  -4.5627175E-02  -7.7728537E-02  -7.8387672E-02  -7.1185708E-02   5.3636062E-03   1.2013540E-02   1.0131785E-03   1.5495669E-03   1.8292619E-01   9.4816303E-02   9.1894569E-02   3.7280922E-01   1.0000000E+00   2.8476312E-02  -1.2979204E-02  -2.4425366E-02  -9.8795779E-02   4.3984171E-02   7.4829717E-02   2.4418984E-02  -3.0338944E-01  -3.0339011E-01   3.0427829E-01  -3.2428384E-03   1.6814153E-03  -1.7161458E-02  -1.2903558E-02   1.7197117E-01   2.5052550E-01   4.4819826E-02  -2.0848057E-01  -2.0848057E-01   4.4819826E-02   1.6425426E-02   4.4163855E-02  -2.7034552E-03
  9.9990274E-01  -4.4378225E-02  -1.3583286E-02  -3.1064360E-02   1.0589584E-01   9.3448287E-01   1.6640638E-02  -7.4305340E-03   1.4345542E-03   8.1091875E-03   1.9960248E-02  -7.4964596E-02   2.8823741E-01  -4.2034479E-02  -4.7887394E-02  -5.1995396E-02   3.6753293E-02   6.3079325E-02   5.4427218E-02   1.1007449E-02   2.8476312E-02   1.0000000E+00  -9.1797531E-02   9.8452408E-02   1.0937810E-01  -1.2829302E-02   3.1370627E-01  -9.8451319E-02  -3.0972512E-02  -3.0972193E-02   3.1035888E-02   8.9192801E-01   7.3676798E-01   5.2022064E-01   6.7087523E-01   5.0057434E-02  -1.1315061E-01  -6.9517285E-02   8.3318225E-03   8.3318225E-03  -6.9517285E-02  -8.0451514E-03   2.2672452E-03  -2.5660925E-01
 -9.1666084E-02   7.2213835E-01   5.5297461E-01   7.3887021E-01  -9.7295273E-01   7.2881952E-02   2.9552882E-02   3.8661569E-03   4.1533179E-02   8.7452571E-03   3.0961971E-02   1.1805903E-01  -6.4777066E-03  -2.9819874E-01  -2.9895898E-01  -3.0199727E-01   8.9778913E-03   1.7302845E-01   1.7285258E-01  -1.0263543E-01  -1.2979204E-02  -9.1797531E-02   1.0000000E+00  -9.9429776E-01  -9.5064528E-01   5.2680011E-01  -4.5316507E-01   9.9429964E-01   7.3774366E-01   7.3774409E-01  -7.3871210E-01  -5.0355508E-01  -7.2919827E-01  -8.8838370E-01  -7.8661534E-01  -8.9423792E-01   7.7376921E-01   5.6149921E-02   7.9616124E-02   7.9616124E-02   5.6149921E-02   3.3718882E-02   5.1924182E-02  -1.4659487E-02
  9.8298560E-02  -7.2133347E-01  -5.0617758E-01  -6.7610430E-01   9.9126249E-01  -7.3228227E-02  -2.7568222E-02  -1.3313072E-04  -3.7819046E-02   1.7230400E-03  -2.1025052E-02  -1.2058208E-01   9.4473743E-03   2.7690638E-01   2.7719111E-01   2.8020928E-01  -1.1271499E-02  -1.6162661E-01  -1.6085919E-01   8.5514557E-02  -2.4425366E-02   9.8452408E-02  -9.9429776E-01   1.0000000E+00   9.7771658E-01  -4.8303751E-01   4.7278207E-01  -1.0000000E+00  -6.7560212E-01  -6.7560261E-01   6.7609730E-01   5.1530750E-01   7.3675507E-01   8.9800623E-01   7.9730602E-01   8.4249613E-01  -8.3307174E-01  -4.8783789E-02  -7.0318377E-02  -7.0318377E-02  -4.8783789E-02  -2.9962602E-02  -4.5284787E-02   1.4435658E-02
  1.0918783E-01  -6.9634919E-01  -3.9623926E-01  -5.2738742E-01   9.9545205E-01  -7.0548101E-02  -2.2727561E-02   7.3721386E-03  -2.9393659E-02   2.3119205E-02  -2.5233078E-04  -1.2217988E-01   1.4283971E-02   2.2391716E-01   2.2322472E-01   2.2602406E-01  -1.3310150E-02  -1.3293016E-01  -1.3069544E-01   4.8750417E-02  -9.8795779E-02   1.0937810E-01  -9.5064528E-01   9.7771658E-01   1.0000000E+00  -3.7998908E-01   4.9624974E-01  -9.7771285E-01  -5.2677452E-01  -5.2677509E-01   5.2731257E-01   5.2314500E-01   7.2847465E-01   8.8792477E-01   7.9317496E-01   7.1126420E-01  -9.2535274E-01  -4.4700413E-02  -5.2899869E-02  -5.2899869E-02  -4.4700413E-02  -2.0738644E-02  -4.5059853E-02   1.3432693E-02
 -1.2804005E-02   3.5403099E-01   9.9867979E-01   3.3102895E-01  -3.9290748E-01   4.1679449E-02   1.2995033E-02   3.7271125E-02   2.4849617E-02  -2.3826207E-03   6.5079749E-03   5.8541347E-02   9.0092657E-03  -9.9150381E-02  -1.0182246E-01  -1.0136253E-01   1.0278231E-02   6.5163759E-02   6.4943836E-02  -6.8349763E-02   4.3984171E-02  -1.2829302E-02   5.2680011E-01  -4.8303751E-01  -3.7998908E-01   1.0000000E+00  -1.4762657E-01   4.8304543E-01   3.2990263E-01   3.2990274E-01  -3.3080889E-01  -1.5287820E-01  -2.9503306E-01  -3.8448877E-01  -3.1756358E-01  -6.4532714E-01   2.9341600E-01   3.6950456E-02   3.4561442E-02   3.4561442E-02   3.6950456E-02   2.9660648E-02   3.2659238E-02  -1.7440901E-02
  3.1279087E-01  -3.6264161E-01  -1.5403049E-01  -2.2042342E-01   4.8936291E-01  -4.4600052E-02  -7.8381441E-03  -1.1567705E-03  -4.0620909E-02   5.9092535E-02   4.4048465E-02  -9.7993250E-02   8.1816828E-01  -3.3386413E-03  -1.8938857E-02  -2.6468154E-02   1.1197083E-01   7.8674812E-02   8.3856388E-02   4.1563290E-02   7.4829717E-02   3.1370627E-01  -4.5316507E-01   4.7278207E-01   4.9624974E-01  -1.4762657E-01   1.0000000E+00  -4.7277916E-01  -2.2008033E-01  -2.2008158E-01   2.2040206E-01   4.7052857E-01   5.2246457E-01   5.4101384E-01   5.3671017E-01   3.1092062E-01  -4.7756506E-01  -3.7723115E-03  -5.0931109E-03  -5.0931109E-03  -3.7723115E-03   9.9218383E-03  -1.4481539E-02   1.6129693E-02
 -9.8297474E-02   7.2133426E-01   5.0618604E-01   6.7611570E-01  -9.9126028E-01   7.3228283E-02   2.7568575E-02   1.3377074E-04   3.7819697E-02  -1.7212249E-03   2.1026779E-02   1.2058174E-01  -9.4469090E-03  -2.7691035E-01  -2.7719516E-01  -2.8021334E-01   1.1271232E-02   1.6162874E-01   1.6086143E-01  -8.5517549E-02   2.4418984E-02  -9.8451319E-02   9.9429964E-01  -1.0000000E+00  -9.7771285E-01   4.8304543E-01  -4.7277916E-01   1.0000000E+00   6.7561350E-01   6.7561399E-01  -6.7610870E-01  -5.1530590E-01  -7.3675442E-01  -8.9800541E-01  -7.9730490E-01  -8.4250576E-01   8.3306233E-01   4.8784452E-02   7.0319833E-02   7.0319833E-02   4.8784452E-02   2.9963299E-02   4.5285207E-02  -1.4435709E-02
 -3.1014794E-02   5.2169102E-01   3.7756026E-01   9.9881436E-01  -6.0522069E-01   4.9590331E-02   3.5366039E-02   1.2928528E-02   5.2962377E-02   8.7217365E-02   9.8784638E-02   6.4374568E-02   8.2304151E-03  -3.9425110E-01  -3.9716165E-01  -4.0064216E-01  -4.8175960E-03   2.1701029E-01   2.2198965E-01  -1.8683710E-01  -3.0338944E-01  -3.0972512E-02   7.3774366E-01  -6.7560212E-01  -5.2677452E-01   3.2990263E-01  -2.2008033E-01   6.7561350E-01   1.0000000E+00   1.0000000E+00  -9.9928585E-01  -3.1777079E-01  -4.9556699E-01  -5.9109411E-01  -5.1724990E-01  -9.1197571E-01   1.6568486E-01   4.2828931E-02   1.1182044E-01   1.1182044E-01   4.2828931E-02   4.5711805E-02   2.7908821E-02  -7.0338884E-03
 -3.1014483E-02   5.2169161E-01   3.7756036E-01   9.9881434E-01  -6.0522123E-01   4.9591127E-02   3.5366715E-02   1.2928054E-02   5.2962843E-02   8.7217903E-02   9.8785253E-02   6.4374930E-02   8.2295235E-03  -3.9425077E-01  -3.9716135E-01  -4.0064186E-01  -4.8179327E-03   2.1700950E-01   2.2198918E-01  -1.8683766E-01  -3.0339011E-01  -3.0972193E-02   7.3774409E-01  -6.7560261E-01  -5.2677509E-01   3.2990274E-01  -2.2008158E-01   6.7561399E-01   1.0000000E+00   1.0000000E+00  -9.9928583E-01  -3.1777070E-01  -4.9556706E-01  -5.9109437E-01  -5.1725004E-01  -9.1197586E-01   1.6568553E-01   4.2828632E-02   1.1182156E-01   1.1182156E-01   4.2828632E-02   4.5711018E-02   2.7908777E-02  -7.0335362E-03
  3.1074233E-02  -5.2229106E-01  -3.7850439E-01  -9.9990232E-01   6.0584647E-01  -4.9648827E-02  -3.6160403E-02  -1.2507054E-02  -5.3636267E-02  -8.6551798E-02  -9.8838215E-02  -6.4553003E-02  -8.3813417E-03   3.9393260E-01   3.9682504E-01   4.0033257E-01   6.2083094E-03  -2.1728398E-01  -2.2239271E-01   1.8718750E-01   3.0427829E-01   3.1035888E-02  -7.3871210E-01   6.7609730E-01   5.2731257E-01  -3.3080889E-01   2.2040206E-01  -6.7610870E-01  -9.9928585E-01  -9.9928583E-01   1.0000000E+00   3.1825963E-01   4.9617830E-01   5.9167886E-01   5.1785368E-01   9.1321069E-01  -1.6588909E-01  -5.0490049E-02  -1.1510147E-01  -1.1510147E-01  -5.0490049E-02  -4.6735631E-02  -3.6337325E-02   7.3308370E-03
  8.9183007E-01  -2.6777821E-01  -1.6461978E-01  -3.1835263E-01   5.2552572E-01   7.6222856E-01   4.5767166E-03  -6.6558562E-03  -1.7158541E-02   2.8790752E-02   3.3427838E-02  -9.2012107E-02   2.4977277E-01   1.4462201E-02   8.6471863E-03   6.2950175E-03   4.9579891E-02   3.9509100E-02   3.3253043E-02   4.3228112E-02  -3.2428384E-03   8.9192801E-01  -5.0355508E-01   5.1530750E-01   5.2314500E-01  -1.5287820E-01   4.7052857E-01  -5.1530590E-01  -3.1777079E-01  -3.1777070E-01   3.1825963E-01   1.0000000E+00   9.5837933E-01   8.3978527E-01   9.2810971E-01   3.8601398E-01  -4.6524880E-01  -7.4496638E-02  -1.4636468E-02  -1.4636468E-02  -7.4496638E-02  -1.9578080E-02  -1.0229429E-02  -2.1498374E-01
  7.3664287E-01  -4.5069596E-01  -3.1298219E-01  -4.9626880E-01   7.3772855E-01   5.7960568E-01  -6.1296500E-03  -6.5307460E-03  -2.7243122E-02   1.9843414E-02   1.6190679E-02  -1.1185012E-01   2.0004491E-01   1.1008597E-01   1.0571609E-01   1.0486941E-01   3.6193114E-02  -2.5914759E-02  -3.0831251E-02   6.8043035E-02   1.6814153E-03   7.3676798E-01  -7.2919827E-01   7.3675507E-01   7.2847465E-01  -2.9503306E-01   5.2246457E-01  -7.3675442E-01  -4.9556699E-01  -4.9556706E-01   4.9617830E-01   9.5837933E-01   1.0000000E+00   9.5871856E-01   9.9501102E-01   6.0112541E-01  -6.2415626E-01  -7.6462106E-02  -3.7545156E-02  -3.7545156E-02  -7.6462106E-02  -2.6702481E-02  -2.3936245E-02  -1.6551666E-01
  5.2006490E-01  -5.9450952E-01  -4.0517559E-01  -5.9173826E-01   8.9772921E-01   3.4488636E-01  -1.5130223E-02  -3.4675663E-03  -3.2699626E-02   1.5792260E-02   3.7203265E-03  -1.2363642E-01   1.3415342E-01   1.8288655E-01   1.8005260E-01   1.8076692E-01   1.8513786E-02  -8.2126623E-02  -8.4838501E-02   7.6271733E-02  -1.7161458E-02   5.2022064E-01  -8.8838370E-01   8.9800623E-01   8.8792477E-01  -3.8448877E-01   5.4101384E-01  -8.9800541E-01  -5.9109411E-01  -5.9109437E-01   5.9167886E-01   8.3978527E-01   9.5871856E-01   1.0000000E+00   9.8154241E-01   7.3188467E-01  -7.6657273E-01  -6.9385858E-02  -5.2099281E-02  -5.2099281E-02  -6.9385858E-02  -2.9020616E-02  -3.4179242E-02  -1.0135373E-01
  6.7073407E-01  -5.0203746E-01  -3.3588558E-01  -5.1793839E-01   8.0073837E-01   5.0496278E-01  -8.7646959E-03  -4.7245933E-03  -2.8476936E-02   2.0979035E-02   1.4324533E-02  -1.1720986E-01   1.7992896E-01   1.3049282E-01   1.2650134E-01   1.2616044E-01   3.0226164E-02  -4.2400678E-02  -4.6452672E-02   6.7550534E-02  -1.2903558E-02   6.7087523E-01  -7.8661534E-01   7.9730602E-01   7.9317496E-01  -3.1756358E-01   5.3671017E-01  -7.9730490E-01  -5.1724990E-01  -5.1725004E-01   5.1785368E-01   9.2810971E-01   9.9501102E-01   9.8154241E-01   1.0000000E+00   6.3790415E-01  -6.8956823E-01  -7.4222475E-02  -4.0997840E-02  -4.0997840E-02  -7.4222475E-02  -2.6773989E-02  -2.7521648E-02  -1.4521519E-01
  5.0033500E-02  -6.3153551E-01  -6.8119731E-01  -9.1339266E-01   7.6838399E-01  -6.3527577E-02  -3.4172559E-02  -1.9403699E-02  -5.1659439E-02  -5.3250504E-02  -6.9822958E-02  -9.1123629E-02  -5.7698201E-03   3.5281594E-01   3.5553768E-01   3.5839829E-01  -1.5293785E-03  -2.0034620E-01  -2.0323208E-01   1.6215196E-01   1.7197117E-01   5.0057434E-02  -8.9423792E-01   8.4249613E-01   7.1126420E-01  -6.4532714E-01   3.1092062E-01  -8.4250576E-01  -9.1197571E-01  -9.1197586E-01   9.1321069E-01   3.8601398E-01   6.0112541E-01   7.3188467E-01   6.3790415E-01   1.0000000E+00  -4.1807958E-01  -6.0330446E-02  -1.0343335E-01  -1.0343335E-01  -6.0330446E-02  -4.6606179E-02  -4.9794939E-02   1.3846455E-02
 -1.1291366E-01   5.7515502E-01   2.9099571E-01   1.6595628E-01  -8.8503305E-01   5.9653604E-02   1.0163425E-02  -1.4118608E-02   1.0150030E-02  -6.5429787E-02  -4.3773425E-02   1.1305994E-01  -2.0267075E-02  -8.4103094E-02  -8.2007311E-02  -8.3686260E-02   1.8282830E-02   5.7247460E-02   5.2320344E-02   2.6967718E-02   2.5052550E-01  -1.1315061E-01   7.7376921E-01  -8.3307174E-01  -9.2535274E-01   2.9341600E-01  -4.7756506E-01   8.3306233E-01   1.6568486E-01   1.6568553E-01  -1.6588909E-01  -4.6524880E-01  -6.2415626E-01  -7.6657273E-01  -6.8956823E-01  -4.1807958E-01   1.0000000E+00   2.9435763E-02   9.7031517E-03   9.7031517E-03   2.9435763E-02   3.0234731E-03   3.6266758E-02  -1.2270363E-02
 -7.2739729E-02   9.0144426E-02   3.9002014E-02   5.3330281E-02  -4.7833471E-02  -7.4983360E-02  -7.1685472E-02  -2.7324422E-02  -3.7356561E-02  -2.4574021E-02  -4.9779888E-02   1.8319050E-01   2.0432454E-03  -1.1549626E-01  -1.1929274E-01  -1.2290747E-01   5.3968081E-02   1.4706885E-01   1.6436565E-01   5.3364527E-02   4.4819826E-02  -6.9517285E-02   5.6149921E-02  -4.8783789E-02  -4.4700413E-02   3.6950456E-02  -3.7723115E-03   4.8784452E-02   4.2828931E-02   4.2828632E-02  -5.0490049E-02  -7.4496638E-02  -7.6462106E-02  -6.9385858E-02  -7.4222475E-02  -6.0330446E-02   2.9435763E-02   1.0000000E+00   6.1911703E-02   6.1911703E-02   1.0000000E+00   4.3381794E-01   8.5048736E-01   2.6539691E-01
  7.4072586E-03   1.1474890E-01   4.0243636E-02   1.1646654E-01  -6.2589949E-02   1.0807281E-02  -9.4250722E-03  -5.0777945E-04   8.9142484E-03   3.6571739E-02   3.1096706E-02   4.2365049E-02   5.0516839E-02  -5.6223331E-02  -5.7013593E-02  -5.6471833E-02  -3.2000224E-02   1.6690511E-02   1.6511430E-02  -2.1523841E-01  -2.0848057E-01   8.3318225E-03   7.9616124E-02  -7.0318377E-02  -5.2899869E-02   3.4561442E-02  -5.0931109E-03   7.0319833E-02   1.1182044E-01   1.1182156E-01  -1.1510147E-01  -1.4636468E-02  -3.7545156E-02  -5.2099281E-02  -4.0997840E-02  -1.0343335E-01   9.7031517E-03   6.1911703E-02   1.0000000E+00   1.0000000E+00   6.1911703E-02  -4.9864851E-03   7.6123127E-02  -5.9763880E-03
  7.4072586E-03   1.1474890E-01   4.0243636E-02   1.1646654E-01  -6.2589949E-02   1.0807281E-02  -9.4250722E-03  -5.0777945E-04   8.9142484E-03   3.6571739E-02   3.1096706E-02   4.2365049E-02   5.0516839E-02  -5.6223331E-02  -5.7013593E-02  -5.6471833E-02  -3.2000224E-02   1.6690511E-02   1.6511430E-02  -2.1523841E-01  -2.0848057E-01   8.3318225E-03   7.9616124E-02  -7.0318377E-02  -5.2899869E-02   3.4561442E-02  -5.0931109E-03   7.0319833E-02   1.1182044E-01   1.1182156E-01  -1.1510147E-01  -1.4636468E-02  -3.7545156E-02  -5.2099281E-02  -4.0997840E-02  -1.0343335E-01   9.7031517E-03   6.1911703E-02   1.0000000E+00   1.0000000E+00   6.1911703E-02  -4.9864851E-03   7.6123127E-02  -5.9763880E-03
 -7.2739729E-02   9.0144426E-02   3.9002014E-02   5.3330281E-02  -4.7833471E-02  -7.4983360E-02  -7.1685472E-02  -2.7324422E-02  -3.7356561E-02  -2.4574021E-02  -4.9779888E-02   1.8319050E-01   2.0432454E-03  -1.1549626E-01  -1.1929274E-01  -1.2290747E-01   5.3968081E-02   1.4706885E-01   1.6436565E-01   5.3364527E-02   4.4819826E-02  -6.9517285E-02   5.6149921E-02  -4.8783789E-02  -4.4700413E-02   3.6950456E-02  -3.7723115E-03   4.8784452E-02   4.2828931E-02   4.2828632E-02  -5.0490049E-02  -7.4496638E-02  -7.6462106E-02  -6.9385858E-02  -7.4222475E-02  -6.0330446E-02   2.9435763E-02   1.0000000E+00   6.1911703E-02   6.1911703E-02   1.0000000E+00   4.3381794E-01   8.5048736E-01   2.6539691E-01
 -8.2673714E-03   1.5742750E-02   3.1676158E-02   4.6998498E-02  -2.4687680E-02  -1.2405691E-02  -5.3068703E-02   1.7121333E-02   1.9371708E-01  -4.9788669E-02  -6.1063873E-02   1.5042241E-02   1.3031946E-02  -3.5087256E-02  -3.2559135E-02  -3.3731348E-02   3.3180151E-02   5.2653643E-02   5.0593662E-02  -3.9570084E-02   1.6425426E-02  -8.0451514E-03   3.3718882E-02  -2.9962602E-02  -2.0738644E-02   2.9660648E-02   9.9218383E-03   2.9963299E-02   4.5711805E-02   4.5711018E-02  -4.6735631E-02  -1.9578080E-02  -2.6702481E-02  -2.9020616E-02  -2.6773989E-02  -4.6606179E-02   3.0234731E-03   4.3381794E-01  -4.9864851E-03  -4.9864851E-03   4.3381794E-01   1.0000000E+00  -2.4431021E-02   1.7214040E-02
  2.3157232E-03   9.7687702E-02   3.3987584E-02   3.9507385E-02  -4.6620127E-02   7.9743418E-03  -4.9562682E-02  -4.4024778E-02  -1.4066754E-01  -1.1083320E-02  -2.8653167E-02   1.9798174E-01  -7.6491927E-03  -1.1145397E-01  -1.1802156E-01  -1.2072401E-01   4.2521476E-02   1.4099460E-01   1.6128017E-01   7.7859603E-02   4.4163855E-02   2.2672452E-03   5.1924182E-02  -4.5284787E-02  -4.5059853E-02   3.2659238E-02  -1.4481539E-02   4.5285207E-02   2.7908821E-02   2.7908777E-02  -3.6337325E-02  -1.0229429E-02  -2.3936245E-02  -3.4179242E-02  -2.7521648E-02  -4.9794939E-02   3.6266758E-02   8.5048736E-01   7.6123127E-02   7.6123127E-02   8.5048736E-01  -2.4431021E-02   1.0000000E+00  -7.8390251E-03
 -2.6857622E-01  -4.9361567E-03  -1.7453369E-02  -7.3901882E-03   1.3405896E-02  -2.8849343E-01  -1.8854473E-02   1.1282335E-02  -1.1816561E-02   2.8063480E-02   9.3213167E-03   2.0601002E-02   1.0512312E-02  -1.3034964E-02  -1.0250708E-02  -1.3098015E-02   8.7174821E-03   6.0417522E-03   8.7141340E-03   1.4938316E-02  -2.7034552E-03  -2.5660925E-01  -1.4659487E-02   1.4435658E-02   1.3432693E-02  -1.7440901E-02   1.6129693E-02  -1.4435709E-02  -7.0338884E-03  -7.0335362E-03   7.3308370E-03  -2.1498374E-01  -1.6551666E-01  -1.0135373E-01  -1.4521519E-01   1.3846455E-02  -1.2270363E-02   2.6539691E-01  -5.9763880E-03  -5.9763880E-03   2.6539691E-01   1.7214040E-02  -7.8390251E-03   1.0000000E+00
