# logA ns theta_MC_100 ombh2 omch2 tau p0 p1 p2 p3 p4 Aisw A_planck amp_143 amp_217 amp_143x217 n_143 n_217 n_143x217 calTE calEE
  3.0695490E-04  -3.6531989E-06  -6.2211927E-08  -7.9609783E-08   2.4134641E-06   1.3642398E-04   3.6054693E-04  -7.4255329E-06   9.0534451E-07   1.6533029E-05   1.9599255E-04  -6.5035961E-05   1.2686834E-05  -1.5783745E-03  -1.7341102E-03  -1.8876805E-03   1.1890620E-04   4.5204037E-04   5.6282644E-04   7.0961404E-07   1.9028416E-06
 -3.6531989E-06   2.2043593E-05   4.5813966E-07   3.5838463E-07  -4.3470776E-06   3.4716809E-06   2.0341857E-04  -5.1565981E-06   2.2064146E-06   7.4031774E-05   4.6045681E-04   5.1903472E-05   9.2407878E-08  -6.4877519E-03  -6.3030279E-03  -6.3607435E-03   1.2092208E-04   8.8846075E-04   1.2908544E-03  -1.3052058E-06  -2.0990171E-06
 -6.2211927E-08   4.5813966E-07   6.8552146E-08   1.4486860E-08  -1.4105674E-07   9.4366364E-08   4.6989766E-06   5.4833253E-07   2.3933474E-07   8.8769400E-08   1.7815628E-06   7.8037670E-07   6.2369874E-09  -6.6915976E-05  -6.6038059E-05  -6.6044358E-05   4.6759016E-07   8.1299579E-06   1.1749200E-05  -7.5999802E-08   2.5040827E-08
 -7.9609783E-08   3.5838463E-07   1.4486860E-08   2.1344167E-08  -1.1534501E-07   6.0386966E-08   6.4716950E-06   1.0237244E-07   2.6291161E-07   1.5318194E-06   8.1349254E-06   4.6620078E-07   3.1251883E-09  -1.2423323E-04  -1.2065657E-04  -1.2200861E-04  -1.8328911E-07   1.3062319E-05   1.9297239E-05  -1.0246672E-07  -1.7005803E-07
  2.4134641E-06  -4.3470776E-06  -1.4105674E-07  -1.1534501E-07   1.6977630E-06  -7.7723064E-07  -4.0366562E-05   4.0144091E-07  -1.4645380E-06   1.8891450E-06  -8.3086187E-06  -7.8307514E-06   4.0792487E-08   7.1405446E-04   6.8755256E-04   6.9736563E-04  -2.8326649E-06  -7.9743477E-05  -1.1391983E-04   3.2509184E-07  -2.9068060E-07
  1.3642398E-04   3.4716809E-06   9.4366364E-08   6.0386966E-08  -7.7723064E-07   6.9367059E-05   2.0970963E-04  -3.5127640E-06   4.6820389E-06  -1.4035626E-05   2.0547229E-05  -1.7451429E-05  -7.2371932E-08  -7.6663528E-04  -7.4430093E-04  -7.7186783E-04  -5.2804192E-06   1.2534271E-04   1.2647198E-04  -1.2931123E-07   6.1231238E-08
  3.6054693E-04   2.0341857E-04   4.6989766E-06   6.4716950E-06  -4.0366562E-05   2.0970963E-04   1.4943073E+00  -3.3176630E-02   1.5371365E-02  -4.0766380E-02   1.1555329E-01  -3.3204957E-05   1.3723908E-05  -2.1700976E-02  -2.7951340E-02  -3.2939652E-02  -1.5150411E-03  -6.2732228E-03  -4.7924288E-03  -2.5409183E-05  -6.6934831E-05
 -7.4255329E-06  -5.1565981E-06   5.4833253E-07   1.0237244E-07   4.0144091E-07  -3.5127640E-06  -3.3176630E-02   3.1378105E-03  -6.1203581E-04   1.7461457E-03  -4.9536715E-03  -5.0047591E-06   4.3056094E-07   2.7810297E-04   2.7496002E-04   2.9892109E-04   1.1709713E-04   3.1245858E-04   4.4599108E-04  -1.3684521E-05  -3.1991264E-06
  9.0534451E-07   2.2064146E-06   2.3933474E-07   2.6291161E-07  -1.4645380E-06   4.6820389E-06   1.5371365E-02  -6.1203581E-04   1.1228092E-03  -1.6291117E-03   1.9660722E-03   8.4366989E-06  -7.8992652E-07   2.3988699E-03   2.4917591E-03   2.4634350E-03  -1.2817026E-04  -5.3541957E-04  -8.0272573E-04  -1.2727328E-05  -5.8442731E-06
  1.6533029E-05   7.4031774E-05   8.8769400E-08   1.5318194E-06   1.8891450E-06  -1.4035626E-05  -4.0766380E-02   1.7461457E-03  -1.6291117E-03   1.4710523E-02   4.1798519E-02   8.5243957E-05  -8.1666402E-07  -7.5772441E-02  -7.4715019E-02  -7.5426592E-02  -8.7038196E-04   4.4687145E-03   7.8390474E-03  -4.9272102E-05  -3.6036989E-05
  1.9599255E-04   4.6045681E-04   1.7815628E-06   8.1349254E-06  -8.3086187E-06   2.0547229E-05   1.1555329E-01  -4.9536715E-03   1.9660722E-03   4.1798519E-02   3.1826993E-01   5.4273201E-04  -2.2703525E-05  -3.5447511E-01  -3.5322464E-01  -3.5517676E-01  -8.0575901E-03   7.4127080E-03   2.0786518E-02  -2.2524733E-04  -1.6904391E-04
 -6.5035961E-05   5.1903472E-05   7.8037670E-07   4.6620078E-07  -7.8307514E-06  -1.7451429E-05  -3.3204957E-05  -5.0047591E-06   8.4366989E-06   8.5243957E-05   5.4273201E-04   2.4410043E-03  -3.6857206E-07  -1.3140331E-02  -1.2955543E-02  -1.2990419E-02   2.7104144E-04   1.8104022E-03   2.6420491E-03  -8.3065873E-06  -1.3444078E-05
  1.2686834E-05   9.2407878E-08   6.2369874E-09   3.1251883E-09   4.0792487E-08  -7.2371932E-08   1.3723908E-05   4.3056094E-07  -7.8992652E-07  -8.1666402E-07  -2.2703525E-05  -3.6857206E-07   6.3512126E-06   1.1789670E-04   5.2603380E-05   6.4662986E-06   1.6694070E-06   1.7853434E-05   2.4262349E-05  -1.4750074E-07   5.1670083E-08
 -1.5783745E-03  -6.4877519E-03  -6.6915976E-05  -1.2423323E-04   7.1405446E-04  -7.6663528E-04  -2.1700976E-02   2.7810297E-04   2.3988699E-03  -7.5772441E-02  -3.5447511E-01  -1.3140331E-02   1.1789670E-04   4.6616674E+00   4.1694402E+00   4.3513768E+00  -1.4278480E-01  -7.0654445E-01  -1.0376678E+00  -1.3390888E-05   9.9150658E-05
 -1.7341102E-03  -6.3030279E-03  -6.6038059E-05  -1.2065657E-04   6.8755256E-04  -7.4430093E-04  -2.7951340E-02   2.7496002E-04   2.4917591E-03  -7.4715019E-02  -3.5322464E-01  -1.2955543E-02   5.2603380E-05   4.1694402E+00   4.3330880E+00   4.2465872E+00  -1.7983916E-01  -7.2500266E-01  -1.0533860E+00  -1.6329906E-05   8.0619238E-06
 -1.8876805E-03  -6.3607435E-03  -6.6044358E-05  -1.2200861E-04   6.9736563E-04  -7.7186783E-04  -3.2939652E-02   2.9892109E-04   2.4634350E-03  -7.5426592E-02  -3.5517676E-01  -1.2990419E-02   6.4662986E-06   4.3513768E+00   4.2465872E+00   4.3535221E+00  -1.7739670E-01  -7.2198971E-01  -1.0482785E+00  -2.6431800E-05   1.2359038E-05
  1.1890620E-04   1.2092208E-04   4.6759016E-07  -1.8328911E-07  -2.8326649E-06  -5.2804192E-06  -1.5150411E-03   1.1709713E-04  -1.2817026E-04  -8.7038196E-04  -8.0575901E-03   2.7104144E-04   1.6694070E-06  -1.4278480E-01  -1.7983916E-01  -1.7739670E-01   3.4495552E-02   4.0188751E-02   7.1000905E-02   8.3061258E-05   1.2987076E-04
  4.5204037E-04   8.8846075E-04   8.1299579E-06   1.3062319E-05  -7.9743477E-05   1.2534271E-04  -6.2732228E-03   3.1245858E-04  -5.3541957E-04   4.4687145E-03   7.4127080E-03   1.8104022E-03   1.7853434E-05  -7.0654445E-01  -7.2500266E-01  -7.2198971E-01   4.0188751E-02   1.6905756E-01   2.2632826E-01   1.0731391E-04   1.4902333E-04
  5.6282644E-04   1.2908544E-03   1.1749200E-05   1.9297239E-05  -1.1391983E-04   1.2647198E-04  -4.7924288E-03   4.4599108E-04  -8.0272573E-04   7.8390474E-03   2.0786518E-02   2.6420491E-03   2.4262349E-05  -1.0376678E+00  -1.0533860E+00  -1.0482785E+00   7.1000905E-02   2.2632826E-01   3.5216349E-01   1.6318277E-04   2.0845675E-04
  7.0961404E-07  -1.3052058E-06  -7.5999802E-08  -1.0246672E-07   3.2509184E-07  -1.2931123E-07  -2.5409183E-05  -1.3684521E-05  -1.2727328E-05  -4.9272102E-05  -2.2524733E-04  -8.3065873E-06  -1.4750074E-07  -1.3390888E-05  -1.6329906E-05  -2.6431800E-05   8.3061258E-05   1.0731391E-04   1.6318277E-04   1.4010930E-05   5.3342588E-06
  1.9028416E-06  -2.0990171E-06   2.5040827E-08  -1.7005803E-07  -2.9068060E-07   6.1231238E-08  -6.6934831E-05  -3.1991264E-06  -5.8442731E-06  -3.6036989E-05  -1.6904391E-04  -1.3444078E-05   5.1670083E-08   9.9150658E-05   8.0619238E-06   1.2359038E-05   1.2987076E-04   1.4902333E-04   2.0845675E-04   5.3342588E-06   1.4611941E-05
